0.66134858337 0.317673789028
0.621663670286 0.322845933217
0.605177087517 0.274787617829
0.610430273299 0.21908739639
0.61822698862 0.294289092072
0.303822361917 0.277874134138
0.0569159663846 0.061009158571
0.214883351941 0.17110334694
0.397205830186 0.412453735068
0.519540563395 0.263719606334
0.0629512995126 0.0605338404747
0.0627555355225 0.0683632797775
0.248813542031 0.380611022099
0.0559879900675 0.0564862245894
0.0594214551235 0.0584388638812
0.27962388692 0.310461617878
0.0590855882721 0.0647369952373
0.0591750453731 0.0592249737878
0.275665803878 0.403546416616
0.319069907053 0.338672410469
0.0562707305867 0.0558826606562
0.0586195083916 0.0713034880602
0.0591132718893 0.0556301820539
0.058531505609 0.0591891668173
0.0604427085444 0.0694780851781
0.0588029654989 0.0667411037678
0.0567435973198 0.063975518265
0.0606962868663 0.0630146430625
0.060975950163 0.060519534871
0.0585045408389 0.0615617905387
0.0578972269138 0.0630815161624
0.0569040550577 0.0604565544478
0.0575137914771 0.0558008488257
0.0563406196637 0.0654397982859
0.0551266984125 0.0584175275233
