0.403133521975 0.306318636271
0.0687073143536 0.061810317015
0.382443288039 0.268046108964
0.0555491626227 0.0610938184126
0.317617643399 0.223503998391
0.410710158613 0.287704904129
0.369374410814 0.365283180164
0.407347934671 0.314862590985
0.35040742658 0.277864486944
0.0590740832832 0.0548567978635
0.0629512995126 0.0605338404747
0.0627555355225 0.0683632797775
0.248813542031 0.380611022099
0.0559879900675 0.0564862245894
0.0594214551235 0.0584388638812
0.200021575045 0.424324098637
0.0569244163857 0.0576401949937
0.354449812714 0.339744598472
0.0595212398731 0.0654251506488
0.277088174349 0.245185365163
0.0586737130561 0.0554751325838
0.27510019782 0.343254828833
0.0567124163466 0.07260070646
0.0573457533258 0.0625808728295
0.307265437689 0.409860479188
